1919 2
1920 1
1921 1
1922 1
1923 2
1924 0
1925 5
1926 6
1927 3
1928 2
1929 2
1930 7
1931 6
1932 7
1933 6
1934 7
1935 4
1936 8
1937 10
1938 6
1939 11
1940 17
1941 11
1942 12
1943 10
1944 13
1945 11
1946 11
1947 14
1948 12
1949 9
1950 12
1951 12
1952 11
1953 14
1954 15
1955 19
1956 18
1957 20
1958 21
1959 22
1960 14
1961 19
1962 19
1963 23
1964 16
1965 20
1966 11
1967 24
1968 21
1969 18
1970 15
1971 26
1972 22
1973 28
1974 26
1975 21
1976 20
1977 20
1978 27
1979 29
1980 40
1981 41
1982 44
1983 32
1984 58
1985 58
1986 96
1987 64
1988 57
1989 53
1990 68
1991 48
1992 90
1993 151
1994 228
1995 294
1996 290
1997 289
1998 304
1999 261
2000 146